5774.412349588028 0.5875100309058325
5741.511787857307 0.5875100309053778
5709.198736157492 1.175020061811665
5677.473194488583 1.762530092717043
5646.922672881486 1.762530092717498
5616.959661305295 1.762530092717043
5589.78111094167 1.320796920054818
5560.723578700467 1.320796920054818
5534.307640299373 1.320796920054818
5507.891701898279 1.320796920054818

5482.136161957213 1.320796920054818
5457.041020476174 1.320796920054818
5433.927074375217 1.320796920054818
5411.825193014281 1.27293840029597
5389.548771009106 1.27293840029597
5367.908818204078 1.27293840029597
5347.541803799346 1.272938400295516
5327.174789394614 1.272938400295516
5308.717182590326 1.272938400295516
5290.896044986186 1.27293840029597


5273.074907382046 1.272938400295516
5255.890238978054 1.272938400295516
5240.614978174504 1.272938400295516
здесь нечётко

5225.976186571104 1.272938400295516
5211.337394967702 1.272938400295516
5196.062134164154 1.272938400295516
5184.605688561493 1.27293840029597
5169.966896958092 1.27293840029597
