6232.199422159207 1.068898181227269
6194.431686422509 0.7125987874846942
6151.319459779676 0.7125987874851489
6110.345029499296 0.7125987874851489
6073.646191943826 0.7125987874846942
6031.60286348222 1.068898181227269
5993.478828351783 0.7125987874846942
5956.779990796313 1.425197574969843
5919.368554453358 2.137796362454537
5883.738615079115 3.206694543681806
5849.890172673585 0.3562993937421197
5817.110628449282 0.3562993937421197
5785.399982406211 0.7125987874851489
5754.401935150619 0.3562993937425745
5723.403887895029 0.3562993937425745
5693.831038214407 0.7125987874846942
