5881.702524203188 0.2952940923732967
5846.562527210806 0.5905881847461387
5812.603706587915 0.5905881847461387
5779.530768242144 0.5905881847461387
5746.162535804001 0.590588184745684
5715.15665610484 1.181176369491823
5685.036658682799 0.5905881847461387
5655.802543537877 0.885882277118526
5626.56842839294 1.181176369491823
5599.106077802255 0.885882277118526
5572.234315396316 0.5905881847461387
5547.134317544615 0.5905881847461387
5521.73902560054 0.5905881847461387
5497.524910025959 0.295294092372842
5473.901382636122 0.295294092372842
5451.754325708151 0.295294092372842
5426.359033764076 0.295294092372842
5406.574329575087 0.295294092372842
