5774.066170521462 1.431506335810809
5741.141524797806 1.431506335811264
5707.739710295547 1.431506335810809
5676.723739686366 1.908675114414564
5646.042382028713 2.369390968387052
5617.01734266597 1.777043226290516
5587.359687586545 1.883840898018207
5655.485333961155 1.876616181862573
5626.960767996838 1.50129294549015
5599.186848505265 1.501292945490604
5572.914221959183 1.125969709117726
5546.266272176727 1.876616181863028
5521.119615339763 1.876616181863028
5496.723604975545 1.876616181863028
5473.453564320444 1.125969709117726
5451.30949337446 0.7506464727453022
5425.787513301122 1.125969709117726
5406.270705009747 0.7506464727453022
5384.877280536509 0.3753232363724237
