5773.778579999464 0.9570916947463957
5740.599401248257 0.6380611298309304
5708.377314191798 1.276122259661861
5677.112318830084 0.9570916947463957
5645.847323468372 1.276122259661861
5617.134572625982 0.6380611298309304
5587.783760653761 0.9570916947463957
5559.709070941203 1.276122259661861
5533.229534053222 1.595152824577326
5506.430966600325 1.595152824576871
5482.184643666751 0.6380611298309304
5457.300259603395 0.3190305649154652
5433.372967234738 0.9570916947463957
5411.359858255572 1.595152824576871
5389.346749276407 0.6380611298309304
5367.652670862157 1.276122259661861
5347.234714707569 0.9570916947463957
5327.135789117896 0.9570916947463957
5307.99395522297 0.9570916947463957
5289.80921302279 2.552244519323722
5272.581562517356 0.9570916947463957
5255.353912011922 0.6380611298309304
5239.083353201235 0.6380611298309304
5223.769886085294 0.6380611298304757
5208.775449534269 0.9570916947463957
5194.738104678024 1.276122259661861
5181.976882081406 0.6380611298309304
5168.258567790042 0.6380611298309304
5155.816375758341 0.6380611298309304
5144.331275421385 0.6380611298309304
5132.527144519514 0.3190305649154652
5122.318166442219 0.3190305649154652
5111.471127235094 0.6380611298309304
5102.857301982378 0.3190305649154652
5092.967354469999 0.6380611298309304
5084.77911284772 0.2822556130972771
5076.734827874439 0.5645112261950089
5069.255054127352 0.5645112261950089
5062.48091941301 0.4233834196465978
5055.142273472473 0.2822556130972771
